0.051179350244770806
0.05486680653569839
0.0550257486172039
0.05512111386610719
0.05518469069870939
0.05524826753131159
0.055311844363913794
0.05528005594761269
0.05521647911501049
0.05512111386610719
0.055057537033504994
0.0550257486172039
0.055057537033504994
0.055152902282408295
0.05518469069870939
0.05521647911501049
0.05524826753131159
0.05528005594761269
0.05528005594761269
0.05528005594761269
0.05528005594761269
0.05528005594761269
0.055375421196516
0.05547078644541929
0.05559794011062369
0.05569330535952699
0.05578867060843029
0.055661516943225894
0.05553436327802149
0.055407209612817095
0.05528005594761269
0.055152902282408295
0.0550257486172039
0.054898594951999495
0.05477144128679509
0.054644287621590695
0.05451713395638629
0.054389980291181896
0.05426282662597749
0.054135672960773096
0.0540085192955687
0.053881365630364296
0.053881365630364296
0.053881365630364296
0.053881365630364296
0.053881365630364296
0.053881365630364296
0.053881365630364296
0.053881365630364296
0.0536588467162566
0.0536588467162566
0.0536588467162566
0.0537542119651599
0.0538495772140632
0.0539131540466654
0.0539449424629665
0.0534999046347511
0.0530230783902346
0.0525780405620192
0.052101214317502705
0.05206942590120161
0.052037637484900506
0.052005849068599404
0.05197406065229831
0.05216479115010491
0.0521330027338038
0.052101214317502705
0.05197406065229831
0.051846906987093905
0.051751541738190604
0.051687964905588406
0.052101214317502705
0.052546252145718106
0.0529595015576324
0.0534045393858478
0.0534045393858478
0.0534045393858478
0.0534045393858478
0.0534045393858478
0.0534045393858478
0.0534045393858478
0.053118443639137904
0.052546252145718106
0.052005849068599404
0.051497234407781804
0.05102040816326531
0.050607158751351015
0.05028927458834001
0.050257486172038915
0.05019390933943671
0.05032106300464111
0.05044821666984551
0.05054358191874881
0.050607158751351015
0.05067073558395321
0.05070252400025431
0.05073431241655541
0.05108398499586751
0.051433657575179606
0.05171975332188951
0.052005849068599404
0.052291944815309306
0.052514463729417
0.052450886896814805
0.052705194227223605
0.0527687710598258
0.052832347892428
0.0529277131413313
0.0530548668065357
0.0531820204717401
0.053340962553245594
0.053786000381460995
0.0541992497933753
0.05461249920528959
0.055057537033504994
0.05547078644541929
0.055820459024731386
0.05613834318774239
0.05642443893445229
0.05642443893445229
0.05642443893445229
0.05642443893445229
0.05642443893445229
0.05642443893445229
0.05642443893445229
0.05639265051815119
0.05636086210185009
0.05632907368554899
0.05626549685294679
0.05620192002034459
0.05613834318774239
0.056074766355140186
0.05601118952253799
0.05594761268993579
0.05588403585733359
0.055820459024731386
0.055725093775828086
0.05562972852692479
0.055502574861720395
0.05543899802911819
0.055407209612817095
0.055375421196516
0.05534363278021489
0.055311844363913794
0.05528005594761269
0.12772585669781933
0.20017165744802595
0.20017165744802595
0.19928158179159516
0.19928158179159516
0.19928158179159516
0.19931337020789625
0.19934515862419735
0.19940873545679955
0.19940873545679955
0.19937694704049844
0.19934515862419735
0.2392714094983788
0.2792930256214636
0.319219276495645
0.28666793820331876
0.2139360417064022
0.2136181575433912
0.214190349036811
0.21384067645749888
0.2134910038781868
0.2131095428825736
0.2127280818869604
0.2123466208913472
0.2119333714794329
0.21155191048381972
0.2111386610719054
0.17076737236950856
0.1303007184182084
0.08834000890075658
0.04637929938330473
0.04612499205289593
0.04590247313878823
0.04571174264098163
0.04555280055947613
0.09101023587004896
0.14044122321825928
0.1920656112912455
0.2436899993642317
0.29534617585351897
0.3470023523428063
0.3987538940809969
0.4505054358191875
0.5023205543899804
0.5557250937758281
0.6091296331616759
0.6609765401487698
0.7127916587195626
0.7645749888740544
0.8163265306122449
0.8224616949583572
0.8246233072668321
0.8245279420179288
0.8242736346875199
0.82398753894081
0.8237014431941001
0.8231928285332826
0.8225570602072605
0.8218577150486363
0.82109479305741
0.820172928984678
0.8192510649119462
0.818265624006612
0.8172801831012779
0.8161675885307395
0.8150232055438998
0.8138788225570602
0.8127662279865218
0.8118443639137898
0.8113357492529722
0.8108589230084557
0.8105410388454447
0.8103503083476382
0.8102549430987348
0.8102231546824338
0.8104456735965415
0.810604615678047
0.8108589230084557
0.8110496535062623
0.8113993260855745
0.8117807870811877
0.812194036493102
0.8111768071714668
0.8098734821031217
0.8080933307902601
0.8062813910610974
0.8044058744993325
0.8024667811049654
0.800432322461695
0.7978256723250048
0.7950918685231102
0.7922309110560113
0.7893699535889123
0.7865725729544154
0.7837751923199187
0.7809778116854218
0.778180431050925
0.776845317566279
0.7757645114120415
0.7747790705067074
0.7737618411850722
0.7728399771123403
0.7720134782885116
0.7711869794646831
0.7709326721342743
0.7707101532201666
0.7706783648038655
0.7706465763875644
0.7706465763875644
0.7706465763875644
0.7706783648038655
0.7707101532201666
0.7707737300527688
0.7708690953016721
0.7709644605505753
0.771155191048382
0.7713141331298875
0.7715366520439951
0.7716638057091996
0.7718863246233073
0.772108843537415
0.7723631508678238
0.7725538813656304
0.772744611863437
0.7729989191938459
0.7732214381079534
0.7734439570220611
0.7736664759361689
0.7738889948502766
0.7741433021806854
0.7743658210947931
0.7746201284252019
0.7747790705067074
0.7750333778371162
0.7751923199186217
0.7753512620001272
0.7755419924979338
0.7757962998283426
0.7760506071587514
0.776241337656558
0.7764320681543646
0.7766227986521712
0.7767499523173755
0.7768135291499778
0.7768135291499778
0.7767817407336767
0.7766545870684722
0.7764956449869668
0.7763049144891602
0.7760506071587514
0.7757645114120415
0.7753830504164283
0.7748744357556107
0.7742704558458898
0.7732532265242547
0.7721406319537161
0.770837306885371
0.7693750397355203
0.767944561001971
0.766386928603217
0.7647657193718609
0.7631762985568059
0.7616822429906542
0.7602199758408036
0.759043804437663
0.7582173056138344
0.7575815372878123
0.7571047110432958
0.7567232500476827
0.756818615296586
0.7573908067900058
0.7581537287812321
0.7591073812702651
0.7600610337592981
0.7612372051624389
0.7624769533981817
0.763843855299129
0.7651471803674742
0.766355140186916
0.76734058109225
0.767944561001971
0.7684213872464875
0.7688664250747028
0.768898213491004
0.7687074829931974
0.7681035030834764
0.7674677347574544
0.7668001780151313
0.7661008328565072
0.7653061224489797
0.7645114120414521
0.7637167016339247
0.7629219912263971
0.762254434484074
0.7616186661580521
0.7610782630809334
0.7606014368364169
0.7601246105919004
0.7600610337592981
0.7600610337592981
0.7600928221755993
0.7601563990082014
0.7603153410897069
0.7605060715875136
0.7607921673342234
0.7611100514972344
0.7613643588276433
0.7616504545743531
0.7619365503210631
0.762254434484074
0.7627312607285905
0.7632716638057092
0.7639074321317312
0.7645749888740544
0.7653696992815818
0.7662597749380127
0.76734058109225
0.7683895988301863
0.7699790196452413
0.7715366520439951
0.7736028991035667
0.7757327229957404
0.7780214889694196
0.7803102549430988
0.7825354440841759
0.7846016911437472
0.7865725729544154
0.7884798779324814
0.7904189713268486
0.7923262763049146
0.7941382160340772
0.7957594252654333
0.7973170576641873
0.7982707101532203
0.799192574225952
0.7995104583889631
0.7997329773030708
0.7997647657193719
0.7996058236378665
0.7994468815563609
0.7990018437281455
0.7983978638184247
0.7976349418271982
0.7968084430033696
0.7957912136817344
0.7947104075274971
0.7935978129569585
0.7923580647212156
0.7909593744039672
0.7895606840867188
0.7881302053531692
0.7866361497870177
0.7849195753067583
0.7833301544917033
0.7817407336766483
0.7802466781104965
0.7788479877932483
0.7774492974759998
0.7760188187424503
0.7746837052578042
0.7733485917731578
0.7720452667048129
0.7709008837179733
0.7699472312289403
0.7689617903236061
0.7680399262508742
0.7671816390107445
0.7665458706847225
0.7659418907750016
0.765401487697883
0.7650200267022698
0.7647339309555599
0.7646067772903554
0.7645749888740544
0.7646385657066564
0.7648610846207642
0.7650836035348719
0.7653696992815818
0.7657193718608939
0.7662279865217115
0.7668001780151313
0.767372369508551
0.7680081378345731
0.7688028482421005
0.7696293470659292
0.7704558458897578
0.7714094983787908
0.7723631508678238
0.7732532265242547
0.7743022442621909
0.7754148388327294
0.7765274334032679
0.7775764511412042
0.778784410960646
0.7798652171148833
0.7809460232691208
0.7821221946722615
0.7832665776591011
0.7842520185644352
0.7851738826371671
0.7861911119588022
0.7870176107826309
0.7878441096064595
0.7887023968465892
0.7894335304215144
0.7900692987475365
0.7907050670735585
0.7913408353995804
0.7918176616440968
0.7922944878886133
0.7927395257168288
0.793120986712442
0.7934706592917541
0.7938203318710662
0.7941382160340772
0.7943607349481849
0.7945832538622927
0.7947739843600992
0.7949329264416047
0.7950600801068092
0.7951236569394113
0.7951872337720135
0.7951872337720135
0.7951554453557124
0.7950918685231102
0.7949965032742069
0.7948693496090026
0.7947104075274971
0.7944878886133894
0.7942335812829806
0.7939474855362706
0.7936296013732597
0.7933117172102486
0.7929302562146354
0.7925170068027211
0.7920719689745058
0.7915951427299893
0.7910547396528705
0.7905143365757518
0.7901328755801386
0.7906097018246551
0.7966495009218642
0.8064721215589039
0.8193782185771505
0.8345730815690763
0.8498633098099053
0.8651853264670355
0.8805391315404667
0.8959565134465002
0.9114056837688347
0.9268866425074703
0.9423993896624071
0.9580392904825482
0.9736791913026893
0.9891919384576261
1.0038463983724333
1.0129378854345479
1.0182465509568315
1.019708818106682
1.0166889185580774
1.0100451395511476
0.9928793947485538
0.9705957149214827
0.9455782312925171
0.9203700171657448
0.8945896115455529
0.8687774175090598
0.8428380698073622
0.8166126263589548
0.7903871829105474
0.7640027973806345
0.7375548350181195
0.7111386610719055
0.6852946786191113
0.6616440968910928
0.6415220293724967
0.6318901392332634
0.627312607285905
0.6252463602263335
0.6233708436645686
0.6220675185962236
0.6207006166952763
0.6194290800432323
0.6184118507215971
0.6173946213999618
0.6162820268294235
0.615233009091487
0.6141839913535507
0.6132303388645177
0.6122766863754848
0.611354822302753
0.61040116981372
0.6095428825735901
0.6088117489986649
0.6080806154237396
0.607285905016212
0.606586559857588
0.6059190031152648
0.6051242927077373
0.6044567359654143
0.6039163328882955
0.603407718227478
0.6028355267340582
0.6024222773221439
0.6020090279102295
0.6014686248331109
0.6009917985885944
0.6004513955114756
0.5998792040180558
0.5992434356920339
0.5986394557823129
0.5979083222073877
0.5971454002161612
0.5962553245597305
0.5952380952380952
0.5943798079979655
0.5933625786763305
0.5923453493546952
0.5912963316167589
0.5902473138788226
0.5892618729734884
0.5882764320681544
0.5872274143302181
0.5862737618411851
0.585288320935851
0.584334668446818
0.5835081696229895
0.5827134592154619
0.582109479305741
0.5815054993960201
0.580837942653697
0.5802975395765784
0.5798207133320619
0.5792485218386421
0.5786763303452221
0.5781995041007056
0.5776591010235871
0.5772458516116727
0.5767690253671562
0.576387564371543
0.5760696802085321
0.5757517960455211
0.57543391188251
0.5752749698010046
0.5751160277194991
0.5751160277194991
0.5750524508868968
0.5750524508868968
0.5751160277194991
0.5752431813847035
0.575402123466209
0.5755292771314133
0.5756564307966178
0.5758153728781232
0.5759743149596288
0.5760061033759298
0.5759107381270265
0.5758153728781232
0.5756564307966178
0.5753703350499079
0.5749888740542946
0.5746709898912836
0.5742895288956705
0.5740034331489605
0.5735901837370463
0.5731133574925298
0.5726683196643143
0.5721597050034968
0.5716510903426791
0.5710471104329582
0.5705702841884417
0.5701888231928285
0.5698073621972154
0.5693623243689999
0.5690126517896879
0.5686311907940746
0.5683133066310636
0.5679318456354504
0.5675821730561383
0.5672642888931274
0.5669464047301164
0.5666285205671053
0.5663106364040944
0.565865598575879
0.5654205607476636
0.564911946086846
0.5644351198423295
0.563958293597813
0.5635768326021998
0.5631953716065866
0.5628456990272745
0.5624324496153602
0.5621781422849514
0.5618284697056393
0.5614787971263272
0.561129124547015
0.5608430288003052
0.5605569330535952
0.5604297793883909
0.5603344141394877
0.5602390488905843
0.560143683641681
0.5599529531438744
0.5596986458134656
0.5594761268993579
0.5592536079852501
0.5589675122385404
0.5585860512429272
0.5582999554962171
0.5580138597495073
0.5576641871701952
0.5573145145908831
0.5569012651789689
0.5564880157670545
0.5561383431877424
0.5557886706084303
0.5555661516943227
0.5553436327802149
0.5550257486172039
0.5548350181193973
0.5545171339563864
0.5542628266259776
0.5539449424629665
0.5535634814673533
0.5532455973043423
0.5529277131413313
0.5526734058109225
0.552482675313116
0.5523555216479116
0.552196579566406
0.5520376374849005
0.5518151185707928
0.5516243880729862
0.551560811240384
0.5513065039099753
0.5511793502447708
0.5510521965795665
0.5509886197469642
0.5508296776654588
0.5506707355839532
0.5505117935024477
0.55028927458834
0.5500985440905335
0.5497806599275225
0.5495899294297159
0.5493991989319092
0.5491448916015005
0.5489859495199949
0.5488270074384894
0.5487952190221884
0.5487952190221884
0.548668065356984
0.5485409116917795
0.5485091232754784
0.5485091232754784
0.5485409116917795
0.5485091232754784
0.5484455464428762
0.5484773348591774
0.5484137580265752
0.5483501811939729
0.5482866043613707
0.5480958738635642
0.5479051433657575
0.5475872592027466
0.5472375866234345
0.5470150677093267
0.5465700298811114
0.5461249920528959
0.5456481658083794
0.5452667048127663
0.5450441858986586
0.5447263017356476
0.5444084175726366
0.5440269565770234
0.5436454955814102
0.543264034585797
0.5425964778434739
0.541992497933753
0.541356729607731
0.5408163265306123
0.5401805582045902
0.539799097208977
0.5394176362133639
0.5389408099688474
0.5384004068917287
0.5377328501494056
0.5371606586559857
0.5366202555788672
0.5362070061669528
0.5357937567550385
0.5354758725920274
0.5354440841757264
0.5353487189268231
0.5352851420942208
0.5351262000127154
0.5350626231801132
0.5349672579312099
0.5349036810986076
0.5349354695149088
0.5350626231801132
0.5351262000127154
0.5351897768453177
0.5351579884290164
0.5350626231801132
0.5349672579312099
0.5346175853518979
0.5343632780214891
0.534045393858478
0.5337910865280692
0.5335685676139615
0.5332506834509505
0.5330281645368428
0.5326467035412296
0.5323923962108208
0.5319155699663043
0.5315341089706911
0.531184436391379
0.530834763812067
0.530548668065357
0.530262572318647
0.5301354186534427
0.5300082649882383
0.5299446881556361
0.5299764765719372
0.529881111323034
0.5299446881556361
0.5298493229067328
0.529881111323034
0.5297857460741305
0.5297539576578295
0.5297221692415285
0.5296268039926251
0.5294042850785174
0.5291181893318075
0.5288320935850976
0.5284506325894844
0.5280373831775702
0.527687710598258
0.5272426727700427
0.5268294233581283
0.5263525971136118
0.5259393477016975
0.5255260982897833
0.5252082141267722
0.5248585415474601
0.5245088689681481
0.524190984805137
0.5240638311399326
0.5239684658910293
0.5237459469769217
0.5236187933117172
0.5235870048954161
0.5234916396465128
0.5233962743976096
0.5232691207324052
0.5231419670672008
0.5229830249856953
0.5228240829041898
0.5225697755737809
0.5224108334922754
0.5221565261618666
0.5219975840803611
0.5217432767499524
0.5214571810032425
0.5218068535825545
0.522283679827071
0.5227605060715875
0.5237459469769217
0.5247949647148579
0.5267022696929239
0.5291817661644097
0.5317248394684978
0.5342679127725857
0.5368109860766737
0.5393540593807618
0.541992497933753
0.5445355712378409
0.5471740097908322
0.5498124483438235
0.5519422722359972
0.5539449424629665
0.5558840358573336
0.5573145145908831
0.5586496280755293
0.5589039354059382
0.5578867060843029
0.5556297285269248
0.5504800050861467
0.5443448407400343
0.5384004068917287
0.5324559730434231
0.5274651916841503
0.5225061987411788
0.5211392968402315
0.5233326975650073
0.531184436391379
0.5405620192002035
0.5499396020090279
0.5593489732341534
0.5691398054548922
0.579884290164664
0.5918367346938777
0.6067772903553945
0.6226079216733422
0.6382478224934834
0.6535698391506136
0.6679382033187107
0.6819251064911946
0.6876788098416937
0.6858032932799288
0.678237650200267
0.661008328565071
0.6434929111831649
0.6261046474664632
0.6085256532519551
0.5906923517070379
0.5727636849132177
0.5547396528704941
0.5368109860766737
0.5188823192828533
0.501271536652044
0.4836925424375358
0.4664950092186408
0.4540657384449107
0.44557823129251706
0.43753576196833877
0.437631127217242
0.43813974187805965
0.4383940492084685
0.4387755102040817
0.43874372178778054
0.43874372178778054
0.43874372178778054
0.43871193337147946
0.43829868395956517
0.43779006929874753
0.43724966622162886
0.436645686311908
0.43572382223917605
0.4349926886642508
0.433784728844809
0.4325767690253672
0.43117807870811875
0.4299065420560748
0.4283171212410198
0.427109161421578
0.42609193209994284
0.4251064911946087
0.4241528387055757
0.4236442240447581
0.4232309746328438
0.4229448788861339
0.42256341789052076
0.4223726873927141
0.4221183800623053
0.4219912263971009
0.4221819568949075
0.4224680526416174
0.4227541483883273
0.4235170703795537
0.4243117807870812
0.4250429143620065
0.4257422595206307
0.4265687583444593
0.42720452667048125
0.4278402949965033
0.4281263907432132
0.4285396401551275
0.4289528895670418
0.42933435056265495
0.4297158115582682
0.42977938839087043
0.4299065420560748
0.4299383304723759
0.42981117680717146
0.4296204463093649
0.4293661389789561
0.42911183164854727
0.4279992370780088
0.4270137961726747
0.4257422595206307
0.4246932417826944
0.4238985313751669
0.4229130904698328
0.4221501684786064
0.42116472757327234
0.42017928666793825
0.4193527878441096
0.4186216542691843
0.4179858859431623
0.4173183292008393
0.4166507724585161
0.41591963888359085
0.41579248521838647
0.415665331553182
0.41582427363468755
0.41588785046728977
0.4174136944497425
0.4198296140886261
0.422658783139424
0.42564689427172736
0.42863500540403077
0.43143238603852757
0.4345158624197343
0.43750397355203763
0.4406828151821477
0.44376629156335434
0.4469133447771632
0.4498378790768644
0.4527624133765656
0.454161103693814
0.45422468052641624
0.45266704812766234
0.45056901265178967
0.4478669972661962
0.4451649818806027
0.44259012016021365
0.4399516816072223
0.43709072414012334
0.43426155508932546
0.43124165554072097
0.4283171212410198
0.4252654332761142
0.4222455337275097
0.41922563417890524
0.4173183292008393
0.41677792612372055
0.41614215779769853
0.41534744739017104
0.41455273698264355
0.41423485281963257
0.41378981499141715
0.41340835399580395
0.4129633161675886
0.4125500667556743
0.41223218259266325
0.41185072159705005
0.4115964142666413
0.4117871447644479
0.41185072159705005
0.41232754784156656
0.41280437408608306
0.41328120033059956
0.41328120033059956
0.41318583508169626
0.4126772204208787
0.41216860576006104
0.41162820268294237
0.41099243435692034
0.41029308919829616
0.4094665903744676
0.4085765147180368
0.4077818043105093
0.4067645749888741
0.4058744993324433
0.4049208468434103
0.4040307711869795
0.4036493101913663
0.4037446754402696
0.4040307711869795
0.4042532901010872
0.404507597431496
0.4047301163456037
0.4051115773412169
0.4054930383368301
0.4063831139932609
0.40740034331489605
0.4084175726365313
0.40943480195816645
0.4104520312798016
0.41067455019390936
0.41089706910801704
0.41061097336130714
0.4103566660308984
0.41000699345158625
0.4097526861211775
0.4094665903744676
0.4091804946277577
0.4087036683832412
0.4084175726365313
0.4077500158942082
0.40717782440078837
0.406414902409562
0.4059698645813466
0.4055248267531312
0.40603344141394876
0.40644669082586304
0.4068599402377774
0.4070188823192829
0.40717782440078837
0.4073367664822939
0.40736855489859497
0.40740034331489605
0.40717782440078837
0.40705067073558393
0.40692351707037955
0.40670099815627186
0.4065738444910675
0.40622417191175536
0.4059062877487444
0.4054930383368301
0.40527051942272235
0.40495263525971137
0.4048572700108081
0.4042532901010872
0.40349036810986083
0.4028545997838388
0.40186915887850466
0.4012333905524827
0.40031152647975077
0.3995168160722233
0.39859495199949135
0.3976730879267595
0.3966558586051243
0.395606840867188
0.394653188378155
0.3935405938076165
0.3926187297348846
0.3916015004132494
0.39118825100133514
0.3907432131731198
0.3902981753449043
0.39013923326339883
0.39004386801449553
0.38985313751668893
0.3895352533536779
0.3894080996884735
0.38972598385148455
0.39013923326339883
0.39067963634051756
0.39099752050352854
0.3913789814991417
0.39163328882955056
0.39198296140886263
0.39223726873927145
0.39211011507406707
0.39188759615995933
0.3917286540784538
0.39134719308284066
0.39118825100133514
0.3910293089198297
0.39090215525462524
0.39039354059380765
0.38988492593299
0.3895352533536779
0.38931273443957026
0.3891855807743659
0.3889948502765592
0.3888041197787526
0.38858160086464494
0.38883590819505376
0.3891855807743659
0.3895352533536779
0.39013923326339883
0.39061605950791534
0.39115646258503406
0.39156971199694834
0.39204653824146485
0.3923962108207769
0.39245978765337913
0.39242799923707805
0.3923008455718736
0.39226905715557253
0.39207832665776593
0.3913154046665395
0.39052069425901204
0.38972598385148455
0.388931273443957
0.38813656303642957
0.3873418526289021
0.3865789306376757
0.38581600864644927
0.3849259329900184
0.38409943416618986
0.38330472375866237
0.38254180176743596
0.38177887977620956
0.3814927840294997
0.38136563036429527
0.38190603344141394
0.38247822493483374
0.3830504164282536
0.3835272426727701
0.3839404920846844
0.384449106745502
0.38486235615741626
0.38543454765083607
0.38587958547905143
0.3863882001398691
0.3865789306376757
0.38680144955178336
0.38702396846589104
0.3867696611354822
0.3866107190539767
0.3866107190539767
0.3866107190539767
0.3867378727191812
0.38683323796808444
0.38692860321698774
0.38689681480068666
0.3868650263843856
0.38670608430288006
0.3864835653887723
0.38680144955178336
0.38740542946150425
0.38816835145273065
0.3888041197787526
0.38943988810477465
0.38943988810477465
0.38915379235806474
0.38886769661135484
0.38813656303642957
0.38753258312670863
0.38689681480068666
0.38641998855617016
0.38616568122576134
0.38591137389535257
0.38584779706275035
0.38546633606713715
0.38508487507152395
0.3846398372433085
0.38432195308029754
0.3839404920846844
0.38409943416618986
0.38409943416618986
0.38409943416618986
0.3844173183292009
0.38457626041070636
0.3847669909085129
0.38448089516180306
0.38403585733358764
0.3835272426727701
0.3829868395956514
0.3820967639392206
0.38092059253607985
0.379680844300337
0.378409307648293
0.3771059825799479
0.37570729226269944
0.3745311208595588
0.3733549494564181
0.3722423548858796
0.3712887023968466
0.3703350499078136
0.3697628584143938
0.3691270900883718
0.3686502638438553
0.368237014431941
0.3679509186852311
0.3679509186852311
0.36810986076673663
0.36922245533727516
0.37043041515671693
0.3718291054739653
0.3731324305423104
0.3744357556106555
0.3749443702714731
0.3754529849322907
0.3759615995931083
0.3763748490050226
0.3773602899103567
0.3799669400470469
0.38254180176743596
0.38594316231165365
0.3894080996884735
0.39319092122830446
0.3960518786954034
0.3989128361625024
0.4017420052133003
0.40504800050861467
0.40835399580392906
0.4124864899230721
0.41652361879331173
0.42056074766355145
0.4242164155381779
0.4272998919193846
0.4279038718291055
0.4275224108334923
0.424883972280501
0.4221183800623053
0.41887596159959317
0.4145209485663425
0.4101659355330918
0.40577913408354
0.401010871638375
0.3963697628584144
0.39163328882955056
0.38699218004958996
0.38238285968593044
0.37850467289719625
0.37462648610846205
0.3715112213109543
0.369508551083985
0.3689363595905652
0.3684913217623498
0.36810986076673663
0.3687138406764575
0.3693178205861784
0.3697628584143938
0.3702078962426092
0.37058935723822245
0.3708754529849323
0.3712569139805455
0.3714476444783521
0.3713522792294488
0.3711297603153411
0.37090724140123343
0.3703350499078136
0.36963570474918944
0.36887278275796304
0.3680144955178333
0.367283361942908
0.36655222836798274
0.36598003687456293
0.3654396337974442
0.3649310191366267
0.36442240447580904
0.36413630872909913
0.36413630872909913
0.36413630872909913
0.36439061605950795
0.36451776972471234
0.36486744230402446
0.36534426854854096
0.36582109479305747
0.366329709453875
0.366329709453875
0.36671117044948826
0.3681734375993388
0.3696992815817916
0.3711297603153411
0.37278275796299826
0.3741814482802467
0.3754529849322907
0.37666094475173245
0.3777417509059699
0.3788225570602073
0.3799033632144447
0.38041197787526226
0.3807298620382733
0.3810477462012843
0.38177887977620956
0.3821285523555217
0.3814927840294997
0.38063449678936995
0.3798397863818425
0.37885434547650837
0.3778053277385721
0.3767245215843347
0.3757708690953017
0.3748172166062687
0.3746582745247632
0.37449933244325767
0.3750079471040753
0.3756119270137962
0.3762159069235171
0.3765655795028292
0.37681988683323797
0.3770106173310446
0.3772649246614534
0.37742386674295886
0.37755102040816324
0.3770741941636468
0.3764066374213237
0.3756437154300973
0.37488079343887093
0.373323161040117
0.3719244707228686
0.37043041515671693
0.36915887850467294
0.36779197660372565
0.3667747472820905
0.36626613262127283
0.36585288320935855
0.3655032106300464
0.3652489032996376
0.3650263843855299
0.3655032106300464
0.3661071905397673
0.36674295886578934
0.36721978511030584
0.3675376692733168
0.3678237650200267
0.3679509186852311
0.3679509186852311
0.3678873418526289
0.3678237650200267
0.3673469387755102
0.36671117044948826
0.3657257295441541
0.36505817280183106
0.3644541928921102
0.3638502129823893
0.3632462330726683
0.3626422531629474
0.36181575433911883
0.3612753512620001
0.36070315976858036
0.3601627566914617
0.35974950727954735
0.35936804628393415
0.35898658528832095
0.35876406637421326
0.3585415474601055
0.35876406637421326
0.35850975904380444
0.3582554517133957
0.35742895288956705
0.3566978193146418
0.3564753004005341
0.35663424248203957
0.3568885498124484
0.35730179922436267
0.3578422023014814
0.35838260537860006
0.3589230084557188
0.35946341153283745
0.35984487252845065
0.36035348718926824
0.36063958293597814
0.36102104393159135
0.36111640918049465
0.36168860067391445
0.36226079216733426
0.3623561574162375
0.36245152266514086
0.36254688791404416
0.36229258058363534
0.3620382732532265
0.36162502384131223
0.36133892809460233
0.3610528323478925
0.3607667366011826
0.36035348718926824
0.35997202619365504
0.3596859304469452
0.35955877678174075
0.3594316231165363
0.35946341153283745
0.35946341153283745
0.35955877678174075
0.35946341153283745
0.35946341153283745
0.35917731578612755
0.3589230084557188
0.35866870112530996
0.35828724012969676
0.35790577913408356
0.35749252972216927
0.3571746455591583
0.356761396147244
0.35590310890711424
0.35590310890711424
0.3557441668256088
0.35558522474410326
0.3553627058299956
0.3552355521647912
0.35520376374849005
0.3553627058299956
0.3555216479115011
0.35568058999300656
0.35606205098861976
0.35634814673532966
0.35666603089834065
0.35679318456354503
0.357111068726556
0.3578739907177824
0.3587322779579122
0.35959056519804183
0.36051242927077376
0.36168860067391445
0.36286477207705514
0.36404094348019583
0.3652171148833365
0.3663932862864772
0.36721978511030584
0.3679509186852311
0.36798270710153225
0.3680144955178333
0.36934960900247954
0.3706847224871257
0.374594697692161
0.37755102040816324
0.38050734312416556
0.3834636658401679
0.38654714222137454
0.38963061860258125
0.39274588340008904
0.3958293597812957
0.3989128361625024
0.40186915887850466
0.404825481594507
0.4081950537224236
0.41061097336130714
0.41124674168732916
0.41156462585034015
0.40943480195816645
0.40717782440078837
0.4040943480195817
0.4009472948057728
0.39729162693114634
0.393381651726111
0.38896306186025814
0.384449106745502
0.38003051687964906
0.3762476953398182
0.37246487379998733
0.36915887850467294
0.36671117044948826
0.3649310191366267
0.36296013732595844
0.3608621018500858
0.3589547968720198
0.35781041388518026
0.35679318456354503
0.3564117235679319
0.3562845699027275
0.35653887723313626
0.3571746455591583
0.3578422023014814
0.3583508169622989
0.35885943162311656
0.35927268103503085
0.35978129569584844
0.3602899103566661
0.36121177442939795
0.36216542691843095
0.36305550257486174
0.3633733867378728
0.36369127090088377
0.36346875198677603
0.36321444465636726
0.3629919257422595
0.3626422531629474
0.3622290037510331
0.3617521775065166
0.3612435628456991
0.36070315976858036
0.3601627566914617
0.35962235361434297
0.35885943162311656
0.3583190285459979
0.3576514718036748
0.35761968338737365
0.35730179922436267
0.35698391506135163
0.3566024540657385
0.35618920465382414
0.35568058999300656
0.35558522474410326
0.3555534363278022
0.3556488015767055
0.35568058999300656
0.3557123784093077
0.3553309174136945
0.35501303325068345
0.3545679954224681
0.35377328501494054
0.35297857460741305
0.35231101786509
0.3517070379553691
0.3511984232945515
0.3507851738826372
0.35034013605442177
0.34941827198168984
0.3482738889948503
0.3470341407591074
0.3455082967766546
0.34382351071269635
0.3425201856443512
0.3416301099879204
0.34064466908258634
0.34064466908258634
0.34064466908258634
0.340867187996694
0.34102613007819954
0.3412804374086083
0.3413440142412105
0.34150295632271604
0.3415983215716193
0.3417890520694259
0.342138724648738
0.3427109161421578
0.34449106745501945
0.346589102930892
0.34833746582745245
0.3503083476381207
0.3516434611227669
0.35297857460741305
0.3539958039290483
0.3549176680017802
0.3557441668256088
0.35618920465382414
0.35663424248203957
0.35714285714285715
0.35746074130586813
0.3579693559666858
0.3586369127090088
0.3583508169622989
0.3576832602199759
0.35701570347765277
0.35615741623752306
0.35542628266259774
0.35469514908767247
0.3527242672770043
0.3509123275478416
0.3492275414838833
0.3479877932481404
0.34674804501239753
0.3455082967766546
0.34465000953652486
0.3434420497170831
0.3422340898976413
0.3410579184945006
0.33997711234026323
0.33889630618602584
0.33794265369699283
0.3369890012079598
0.33616250238413126
0.3366075402123466
0.3383559031089071
0.33997711234026323
0.3416301099879204
0.34334668446817984
0.3457626041070634
0.3481149469133448
0.3505626549685295
0.3529149977748109
0.35514018691588783
0.35666603089834065
0.3581282980481913
0.35952698836543967
0.36051242927077376
0.36137071651090347
0.361879331171721
0.3609574670989891
0.36003560302625726
0.35914552736982647
0.35803293279928794
0.3562209930701253
0.35507661008328567
0.3538368618475428
0.3527878441096065
0.3516434611227669
0.3511984232945515
0.34976794456100196
0.34833746582745245
0.34833746582745245
0.3473202365058173
0.3466208913471931
0.3459851230211711
0.3466526797634942
0.3472884480895162
0.34821031216224807
0.34900502256977556
0.34913217623498
0.3484646194926569
0.34757454383622605
0.346906987093903
0.34608048827007437
0.3463030071841821
0.34649373768198866
0.3456672388581601
0.34585796935596674
0.3463983724330854
0.34693877551020413
0.34627121876788103
0.3455082967766546
0.34461822112022383
0.3438552991289974
0.3431877423866743
0.3432195308029754
0.3433784728844809
0.3431877423866743
0.3431559539703732
0.3431241655540721
0.343092377137771
0.3429016466399644
0.34293343505626556
0.3427427045584589
0.3430288003051688
0.3432195308029754
0.34382351071269635
0.34442749062241723
0.34560366202555787
0.3466844681797953
0.3479560048318393
0.34913217623498
0.35053086655222837
0.35142094220865916
0.3522474410324878
0.35310572827261744
0.3534871892682307
0.35345540085192956
0.35345540085192956
0.35297857460741305
0.352628902028101
0.3518341916205735
0.351039481213046
0.349450060397991
0.34773348591773157
0.3459215461885689
0.3445546442876216
0.3431877423866743
0.34245660881174905
0.3416618984042215
0.340867187996694
0.34064466908258634
0.34061288066628526
0.34054930383368304
0.34054930383368304
0.3404221501684786
0.3405810922499841
0.3410579184945006
0.3417572636531248
0.34258376247695344
0.3438870875452985
0.3448407400343315
0.3459215461885689
0.34674804501239753
0.34770169750143054
0.34817852374594704
0.3487189268230657
0.3492593299001844
0.3492593299001844
0.34906859940237783
0.3488778689045712
0.3481149469133448
0.3468751986776019
0.3457943925233645
0.3445228558713205
0.34277449297476004
0.341185072159705
0.3394684976794456
0.33787907686439067
0.33609892555152904
0.33504990781359273
0.3340008900756565
0.33307902600292455
0.33257041134210696
0.33231610401169814
0.33193464301608494
0.3319664314323861
0.33171212410197726
0.33171212410197726
0.3314896051878696
0.33133066310636405
0.3321571619301927
0.33298366075402125
0.3339055248267531
0.33492275414838835
0.33568567613961475
0.3358446182211203
0.33587640663742135
0.3360353487189269
0.3360671371352279
0.33625786763303456
0.33644859813084116
0.33721152012206757
0.3375929811176807
0.3382605378600038
0.3388645177697247
0.3386419988556171
0.33857842202301486
0.33841947994150934
0.33841947994150934
0.33841947994150934
0.3391188251001335
0.33972280500985447
0.34032678491957535
0.3407082459151885
0.340867187996694
0.3408989764129951
0.3407718227477907
0.34061288066628526
0.3405810922499841
0.3406764574988874
0.34032678491957535
0.3398181702587577
0.339277767181639
0.3386737872719181
0.33813338419479944
0.3374976158687774
0.3373068853709708
0.33711615487316426
0.33727509695466973
0.3374976158687774
0.33784728844808953
0.33822874944370274
0.33861021043931594
0.3391188251001335
0.33937313243054235
0.33978638184245663
0.34013605442176875
0.3405175154173819
0.3412804374086083
0.34197978256723255
0.34277449297476004
0.3431241655540721
0.3434738381333842
0.3436645686311908
0.3439824527942018
0.34430033695721285
0.3438870875452985
0.3443957022061161
0.34477716320172935
0.3454129315277513
0.34588975777226777
0.3464301608493865
0.3464301608493865
0.3460486998537733
0.3456672388581601
0.3452222010299447
0.3448725284506326
0.34465000953652486
0.34433212537351393
0.34401424121050295
0.3434738381333842
0.34382351071269635
0.34325131921927654
0.3426791277258567
0.3418526289020281
0.3411532837434039
0.3403903617521775
0.34000890075656437
0.3396274397609511
0.3392141903490368
0.33876915252082146
0.33832411469260604
0.3377837116154873
0.33737046220357303
0.3370207896242609
0.3379108652806917
0.3386419988556171
0.3394684976794456
0.3401996312543709
0.3410579184945006
0.3408353995803929
0.3406764574988874
0.34032678491957535
0.34007247758916653
0.33972280500985447
0.33937313243054235
0.3390234598512302
0.33880094093712254
0.33857842202301486
0.33829232627630496
0.3369890012079598
0.3357492529722169
0.33441413948757076
0.33330154491703223
0.3320617966812893
0.33190285459978386
0.3314896051878696
0.3312988746900629
0.33101277894335307
0.3308220484455464
0.33075847161294425
0.33069489478034203
0.3304723758662344
0.33024985695212666
0.33009091487062114
0.3299319727891156
0.3298366075402124
0.329741242291309
0.32939156971199696
0.3291690507978893
0.3289465318837816
0.3289783203000826
0.3292644160467926
0.3294233581282981
0.32961408862610464
0.32967766545870686
0.329741242291309
0.3299319727891156
0.3299955496217179
0.3299955496217179
0.32878758980227607
0.32843791722296395
0.3280882446436519
0.3278975141458452
0.3277385720643398
0.3276749952317376
0.3275160531502321
0.3276114183991354
0.32783393731324306
0.3281836098925552
0.32840612880666287
0.3286286477207706
0.32885116663487823
0.329073685548986
0.32929620446309366
0.33009091487062114
0.3299955496217179
0.3302180685358255
0.33040879903363213
0.33069489478034203
0.33075847161294425
0.3310763557759553
0.33085383686184755
0.3307902600292454
0.3305995295314388
0.33053595269883657
0.3304723758662344
0.33037701061733105
0.33040879903363213
0.33056774111513765
0.33193464301608494
0.33326975650073115
0.3342869858223664
0.33539958039290485
0.33717973170576643
0.33908703668383244
0.34093076482929624
0.3428380698073622
0.3445864327039227
0.3451904126136436
0.3456672388581601
0.3461122766863755
0.34588975777226777
0.3456672388581601
0.34525398944624586
0.3442367601246106
0.3431559539703732
0.34197978256723255
0.3407082459151885
0.33857842202301486
0.3368936359590565
0.33514527306249603
0.3336194290800432
0.3319664314323861
0.33145781677156844
0.33180748935088056
0.33218895034649376
0.33323796808443007
0.3341916205734631
0.33520884989509825
0.33628965604933564
0.3380698073621972
0.3404857270010809
0.3429016466399644
0.3457308156907623
0.3481149469133448
0.35084875071523935
0.35345540085192956
0.3562845699027275
0.35901837370462203
0.36102104393159135
0.3627058299955496
0.36423167397800243
0.36585288320935855
0.3671244198614025
0.3683641680971454
0.3686502638438553
0.3685231101786509
0.3684277449297476
0.3680144955178333
0.36766482293852126
0.36683832411469264
0.366011825290864
0.3649628075529277
0.36397736664759367
0.36286477207705514
0.36098925551529026
0.35930446945133193
0.35749252972216927
0.3560302625723186
0.3536143429334351
0.3515480958738636
0.3492593299001844
0.346906987093903
0.34430033695721285
0.34182084048572703
0.3394367092631445
0.33686184754275544
0.33504990781359273
0.33326975650073115
0.3317757009345794
0.33123529785746075
0.33056774111513765
0.33075847161294425
0.3309492021107509
0.33218895034649376
0.33323796808443007
0.3343823510712696
0.33501811939729165
0.33587640663742135
0.33667111704494884
0.3374340390361752
0.3382605378600038
0.3384512683578104
0.3382605378600038
0.3379108652806917
0.33762476953398185
0.33733867378727195
0.33676648229385214
0.33619429080043234
0.3356538877233136
0.33508169622989387
0.334509504736474
0.3331426028355267
0.3320300082649883
0.3307902600292454
0.33066310636404095
0.33066310636404095
0.3307902600292454
0.33117172102485853
0.3315531820204718
0.33091741369444977
0.33113993260855745
0.33091741369444977
0.33028164536842775
0.32996376120541676
0.32977303070761016
0.329709453875008
0.33085383686184755
0.3318710661834828
0.33276114183991357
0.33257041134210696
0.33193464301608494
0.33123529785746075
0.3307902600292454
0.33034522220102996
0.33123529785746075
0.3312988746900629
0.3314896051878696
0.3319664314323861
0.33199821984868716
0.33237968084430036
0.3326339881747092
0.3331426028355267
0.3333969101659356
0.33377837116154874
0.33358764066374214
0.3340008900756565
0.33435056265496854
0.33454129315277514
0.33473202365058174
0.33473202365058174
0.3347002352342806
0.3346684468179795
0.33463665840167844
0.33463665840167844
0.33441413948757076
0.3341916205734631
0.33384194799415096
0.3347002352342806
0.33555852247441037
0.3370843664568631
0.3383559031089071
0.3396274397609511
0.339913535507661
0.34013605442176875
0.3402949965032742
0.3404857270010809
0.34054930383368304
0.340867187996694
0.34102613007819954
0.3410579184945006
0.34045393858477974
0.339913535507661
0.33829232627630496
0.3367982707101533
0.33520884989509825
0.3337147943289466
0.33285650708881687
0.33301544917032233
0.33336512174963445
0.33358764066374214
0.33377837116154874
0.3336194290800432
0.33346048699853775
0.33330154491703223
0.3331108144192257
0.33355585224744105
0.33393731324305426
0.33444592790387184
0.3347002352342806
0.3349545425646895
0.33482738889948505
0.33406446690825864
0.33323796808443007
0.33209358509759046
0.33117172102485853
0.33015449170322336
0.32948693496090026
0.3286286477207706
0.3281836098925552
0.32777036048064084
0.32745247631762986
0.3270392269057156
0.32653061224489793
0.32608557441668257
0.32564053658846714
0.3260219975840804
0.32640345857969355
0.32697565007311336
0.3276114183991354
0.3281518214762541
0.32853328247186725
0.3291054739652871
0.329741242291309
0.33009091487062114
0.33028164536842775
0.33037701061733105
0.3305041642825355
0.3305995295314388
0.3305995295314388
0.33040879903363213
0.32977303070761016
0.32920083921419035
0.32840612880666287
0.3278657257295442
0.3272299574035222
0.326848496407909
0.32621272808188695
0.3258630555025749
0.32551338292326276
0.3254180176743595
0.3252272871765529
0.3251001335113485
0.3243372115201221
0.3236378663614979
0.3238603852756056
0.3241146926060144
0.3244007883527243
0.32468688409943414
0.324941191429843
0.3259584207514782
0.32697565007311336
0.3281836098925552
0.3289783203000826
0.32977303070761016
0.3298366075402124
0.3299955496217179
0.33015449170322336
0.33066310636404095
0.33161675885307396
0.33183927776718164
0.3321571619301927
0.3322525271790959
0.33282471867251573
0.33330154491703223
0.33323796808443007
0.33304723758662347
0.33272935342361243
0.33145781677156844
0.3301862801195245
0.329709453875008
0.3290418971326849
0.32872401296967385
0.32837434039036173
0.32802466781104966
0.3275796299828343
0.32700743848941444
0.32697565007311336
0.32656240066119907
0.32627630491448917
0.3257359018373705
0.32532265242545616
0.3245915188505309
0.3247504609320364
0.3247504609320364
0.32455973043422975
0.3245915188505309
0.3247186725157353
0.32516371034395064
0.32532265242545616
0.3263080933307903
0.3275160531502321
0.32831076355775957
0.3292326276304915
0.32990018437281454
0.33063131794773987
0.33136245152266514
0.33241146926060144
0.33260219975840805
0.33346048699853775
0.33435056265496854
0.33342869858223667
0.3320617966812893
0.3325386229258058
0.33295187233772017
0.33276114183991357
0.33276114183991357
0.33276114183991357
0.33276114183991357
0.33276114183991357
0.33285650708881687
0.33384194799415096
0.33482738889948505
0.33765655795028293
0.33997711234026323
0.34245660881174905
0.3467162565960964
0.3510712696293471
0.35358255451713394
0.35618920465382414
0.35857333587640666
0.36054421768707484
0.36226079216733426
0.36334159832157165
0.36292834890965736
0.3621336385021299
0.35974950727954735
0.35761968338737365
0.35479051433657577
0.3518341916205735
0.3487189268230657
0.345317566278848
0.34182084048572703
0.33832411469260604
0.33501811939729165
0.33180748935088056
0.32869222455337277
0.3258312670862738
0.3234153474473902
0.3226206370398627
0.32211202237904507
0.3223027528768517
0.32252527179095936
0.3226524254561638
0.32300209803547586
0.323351770614788
0.3239239621082078
0.3244961536016276
0.32516371034395064
0.32544980609066054
0.3263080933307903
0.32707101532201666
0.32796109097844744
0.32878758980227607
0.32961408862610464
0.33044058744993327
0.3312670862737619
0.33180748935088056
0.3319664314323861
0.3320300082649883
0.33212537351389154
0.33228431559539706
0.33257041134210696
0.3326339881747092
0.33279293025621465
0.33183927776718164
0.33075847161294425
0.3295505117935025
0.32792930256214636
0.32668955432640345
0.32513192192764956
0.3235425011125946
0.3223345412931528
0.3209676393922055
0.3201411405683769
0.3187424502511285
0.3179159514272999
0.31696229893826694
0.3175662788479878
0.3181702587577087
0.3194417954097527
0.3207133320617967
0.3219848687138407
0.32376502002670227
0.32516371034395064
0.3269438616568123
0.32796109097844744
0.32961408862610464
0.33180748935088056
0.33358764066374214
0.33578104138851805
0.33740225061987417
0.33841947994150934
0.33800623052959505
0.33765655795028293
0.33714794328946535
0.3368936359590565
0.3365121749634433
0.33628965604933564
0.3359399834700235
0.3355903108907114
0.33578104138851805
0.33514527306249603
0.334509504736474
0.3338101595778499
0.33323796808443007
0.33279293025621465
0.33282471867251573
0.33285650708881687
0.33257041134210696
0.33123529785746075
0.33056774111513765
0.3291054739652871
0.3272299574035222
0.3254815945069617
0.3238603852756056
0.3223663297094539
0.32134910038781866
0.3208404857270011
0.3193464301608494
0.3183927776718164
0.31772522092949335
0.3168351452730625
0.3164536842774493
0.3163265306122449
0.3173755483501812
0.3182974124229131
0.3201411405683769
0.322398118125755
0.32452794201792867
0.32653061224489793
0.32802466781104966
0.32948693496090026
0.3304723758662344
0.33269756500731135
0.3343823510712696
0.3356538877233136
0.3377837116154873
0.3394049208468434
0.3411214953271028
0.34264733930955565
0.3435056265496853
0.3438552991289974
0.3440778180431051
0.34442749062241723
0.34401424121050295
0.3442367601246106
0.34382351071269635
0.3434420497170831
0.3427427045584589
0.34258376247695344
0.3424248203954479
0.3418844173183292
0.34121686057600614
0.34045393858477974
0.33918240193273574
0.3379744421132939
0.33740225061987417
0.3367982707101533
0.33619429080043234
0.3363532328819378
0.33657575179604554
0.3367982707101533
0.3370843664568631
0.33724330853836865
0.3369890012079598
0.33657575179604554
0.3360353487189269
0.33562209930701253
0.33543136880920593
0.3358446182211203
0.3363532328819378
0.3366075402123466
0.3368936359590565
0.33711615487316426
0.33775192319918623
0.33832411469260604
0.3389916714349291
0.3394367092631445
0.34000890075656437
0.33972280500985447
0.33972280500985447
0.33972280500985447
0.33956386292834895
0.3393095555979401
0.33889630618602584
0.33832411469260604
0.33810159577849835
0.33787907686439067
0.33784728844808953
0.33727509695466973
0.3367029054612499
0.3355903108907114
0.33463665840167844
0.33368300591264544
0.33358764066374214
0.33320617966812893
0.33295187233772017
0.33272935342361243
0.33241146926060144
0.3322525271790959
0.33222073876279484
0.33183927776718164
0.33183927776718164
0.33171212410197726
0.33183927776718164
0.3319664314323861
0.33241146926060144
0.33279293025621465
0.33295187233772017
0.33298366075402125
0.33333333333333337
0.33342869858223667
0.33377837116154874
0.33396910165935534
0.33415983215716194
0.33352406383113997
0.33301544917032233
0.33193464301608494
0.3308220484455464
0.32929620446309366
0.32802466781104966
0.32668955432640345
0.32605378600038143
0.32608557441668257
0.32611736283298365
0.32611736283298365
0.32611736283298365
0.32599020916777927
0.32560874817216606
0.32560874817216606
0.3263080933307903
0.3271345921546189
0.32802466781104966
0.3289465318837816
0.33015449170322336
0.33110814419225637
0.33237968084430036
0.33298366075402125
0.3331426028355267
0.33336512174963445
0.33346048699853775
0.33403267849195756
0.33460486998537736
0.33568567613961475
0.33625786763303456
0.3368300591264543
0.33686184754275544
0.3374340390361752
0.33800623052959505
0.33870557568821924
0.3394049208468434
0.33984995867505885
0.34026320808697313
0.3394049208468434
0.33829232627630496
0.33717973170576643
0.33581282980481914
0.33431877423866746
0.33272935342361243
0.33145781677156844
0.3301862801195245
0.32932799287939474
0.3289465318837816
0.3285650708881684
0.3281836098925552
0.3276749952317376
0.32729353423612434
0.32646703541229577
0.3269120732405112
0.3276114183991354
0.3282789751414585
0.3289783203000826
0.32967766545870686
0.33034522220102996
0.3305995295314388
0.33104456735965415
0.3314896051878696
0.33091741369444977
0.33072668319664317
0.33040879903363213
0.33034522220102996
0.33015449170322336
0.33040879903363213
0.32996376120541676
0.3294551465445991
0.3294233581282981
0.32881937821857715
0.32859685930446947
0.32859685930446947
0.32881937821857715
0.3289783203000826
0.32901010871638375
0.3291690507978893
0.32888295505117937
0.3286286477207706
0.3286604361370717
0.32881937821857715
0.3289783203000826
0.33005912645432006
0.33113993260855745
0.33190285459978386
0.33298366075402125
0.3338101595778499
0.33441413948757076
0.33501811939729165
0.33562209930701253
0.3362260792167334
0.3368300591264543
0.33616250238413126
0.33536779197660377
0.3333969101659356
0.3326657765910102
0.33133066310636405
0.33028164536842775
0.3292326276304915
0.32805645622735075
0.3271345921546189
0.32611736283298365
0.3251001335113485
0.32408290418971325
0.3233835590310891
0.3228113675376693
0.3223663297094539
0.3237014431941001
0.32513192192764956
0.32745247631762986
0.32840612880666287
0.32996376120541676
0.33009091487062114
0.3295505117935025
0.32901010871638375
0.32805645622735075
0.3275160531502321
0.3250047682624452
0.3250683450950474
0.3241782694386166
0.3237968084430034
0.32328819378218576
0.32115836989001206
0.3193464301608494
0.3174073367664823
0.31569076228622295
0.3143874372178778
0.31403776463856575
0.3149914171275987
0.3159450696166317
0.3174073367664823
0.3185517197533219
0.322080233962744
0.323033886451777
0.324623307266832
0.325576959755865
0.32653061224489793
0.32831076355775957
0.329709453875008
0.33110814419225637
0.33180748935088056
0.33209358509759046
0.33257041134210696
0.33241146926060144
0.33237968084430036
0.3320300082649883
0.3316803356856762
0.3314896051878696
0.3312988746900629
0.33110814419225637
0.33091741369444977
0.33072668319664317
0.32980481912391124
0.3289465318837816
0.32853328247186725
0.3284697056392651
0.3286604361370717
0.32869222455337277
0.32872401296967385
0.32901010871638375
0.32939156971199696
0.32990018437281454
0.329709453875008
0.3295187233772014
0.328755801385975
0.32792930256214636
0.3286286477207706
0.3312988746900629
0.33578104138851805
0.34013605442176875
0.3447453747854282
0.3491639646512811
0.3535507661008329
0.3579693559666858
0.36207006166952765
0.3662025557886706
0.3700807425774048
0.3740860830313434
0.3779960582363787
0.38235107126962936
0.38689681480068666
0.388931273443957
0.38711933371479434
0.3835272426727701
0.3796172674677348
0.37583444592790394
0.3718608938902664
0.3678555534363278
0.36381842456608815
0.3597177188632462
0.3557123784093077
0.3517070379553691
0.34770169750143054
0.343728145463793
0.3397545934261555
0.33578104138851805
0.3326339881747092
0.3324432576769026
0.3312988746900629
0.33015449170322336
0.3295823002098036
0.32843791722296395
0.32729353423612434
0.32608557441668257
0.3256723250047683
0.32513192192764956
0.32484582618093966
0.3244643651853265
0.32414648102231547
0.3249729798461441
0.32579947866997266
0.32688028482421005
0.3278657257295442
0.32977303070761016
0.3309492021107509
0.3315531820204718
0.33272935342361243
0.3338737364104521
0.33444592790387184
0.3342234089897641
0.3340962553245597
0.3337147943289466
0.33342869858223667
0.33304723758662347
0.33152139360417066
0.3299955496217179
0.32821539830885627
0.32668955432640345
0.3249729798461441
0.32424184627121877
0.3233835590310891
0.32271600228876596
0.32271600228876596
0.323351770614788
0.3241146926060144
0.3246550956831331
0.32532265242545616
0.3257359018373705
0.3264352469959947
0.3271345921546189
0.32783393731324306
0.32853328247186725
0.329073685548986
0.32888295505117937
0.32853328247186725
0.3280882446436519
0.32754784156653316
0.3263398817470914
0.32513192192764956
0.3237968084430034
0.3231610401169814
0.32252527179095936
0.32223917604424945
0.32192129188123847
0.3216034077182275
0.3213808888041198
0.3212219467226143
0.32163519613452857
0.32297030961917483
0.3243372115201221
0.3256723250047683
0.3270392269057156
0.3271981689872211
0.3272617458198233
0.3273253226524255
0.3266259774938013
0.3258312670862738
0.324941191429843
0.3237014431941001
0.3223345412931528
0.32112658147371104
0.3200775637357747
0.3189331807489351
0.3177887977620955
0.3168033568567614
0.3159450696166317
0.3151821476254053
0.3155636086210185
0.316040434865535
0.31648547269375044
0.31712124101977246
0.31785237459469773
0.31832920083921423
0.3197278911564626
0.3212537351389154
0.3226524254561638
0.3238603852756056
0.3245915188505309
0.3244007883527243
0.3240193273571111
0.3235425011125946
0.3229385212028737
0.32252527179095936
0.3220166571301418
0.32163519613452857
0.32115836989001206
0.32068154364549556
0.3203000826498824
0.31931464174454827
0.31909212283044064
0.3187424502511285
0.3186788734185263
0.31861529658592413
0.319537160658656
0.32036365948248463
0.32141267722042094
0.3223663297094539
0.3232246169495836
0.32395575052450887
0.32408290418971325
0.324305423103821
0.32398753894081
0.3244007883527243
0.3247186725157353
0.3244007883527243
0.32395575052450887
0.32424184627121877
0.32452794201792867
0.3248776145972408
0.3252272871765529
0.32532265242545616
0.3255451713395639
0.32455973043422975
0.3238603852756056
0.3236378663614979
0.3235107126962935
0.3238285968593045
0.3235742895288957
0.32297030961917483
0.3223027528768517
0.32176234979973295
0.32039544789878566
0.3189331807489351
0.3173437599338801
0.31480068662979216
0.3123847669909085
0.31092249984105796
0.31066819251064914
0.31044567359654146
0.31015957784983156
0.3097781168542183
0.30863373386737875
0.30666285205671057
0.30583635323288194
0.303611164091805
0.30268930001907307
0.30030516879649055
0.2991289973933499
0.29846144065102675
0.2990972089770488
0.2997329773030708
0.2995422468052642
0.29935151630745754
0.2989700553118444
0.2986839595651345
0.2983342869858224
0.2991925742259521
0.30087736028991036
0.30183101277894336
0.3040244135037193
0.30491448916015007
0.30691715938711933
0.3079343887087545
0.30831584970436776
0.30831584970436776
0.30777544662724904
0.3072986203827326
0.3068217941382161
0.3062496026447962
0.3058681416491831
0.3056138343187742
0.3055820459024732
0.30555025748617204
0.3057409879839787
0.30602708373068854
0.30640854472630175
0.30698073621972155
0.307425774047937
0.30774365821094796
0.30802975395765786
0.30885625278148643
0.30923771377709963
0.30961917477271284
0.31028673151503594
0.31063640409434806
0.31092249984105796
0.31076355775955244
0.31047746201284254
0.30987348210312166
0.30923771377709963
0.30850658020217436
0.30787081187615234
0.3075847161294425
0.30755292771314136
0.30768008137834574
0.3077118697946469
0.3079979655413567
0.3082840612880666
0.3085701570347765
0.3088880411977875
0.30920592536079855
0.30891982961408865
0.30863373386737875
0.30834763812066884
0.308061542373959
0.30777544662724904
0.3076165045457435
0.30698073621972155
0.3063449678936996
0.3050098544090533
0.30377010617331046
0.30310254943098736
0.3017674359463412
0.300432322461695
0.2990972089770488
0.2990972089770488
0.2995740352215653
0.30027338038018947
0.30087736028991036
0.3015131286159324
0.30154491703223346
0.3014495517833302
0.3016084938648357
0.3016084938648357
0.30221247377455657
0.30211710852565327
0.3014495517833302
0.301385974950728
0.3008455718736093
0.30040053404539385
0.2990018437281455
0.2971581155826817
0.2949011380253036
0.2939156971199695
0.2929620446309365
0.2927077373005277
0.2923580647212156
0.29251700680272114
0.2928348909657321
0.29327992879394754
0.2942971581155827
0.2953143874372179
0.2963634051751542
0.29779388390870365
0.29922436264225316
0.30027338038018947
0.30211710852565327
0.30427872083412805
0.30535952698836544
0.30631317947739845
0.30717146671752815
0.30717146671752815
0.30653569839150613
0.30618602581219406
0.30542310382096766
0.3047873354949457
0.30446945133193465
0.30418335558522475
0.3040244135037193
0.3037383177570094
0.3034522220102995
0.30211710852565327
0.30078199504100706
0.3000190730497807
0.2987793248140378
0.2975395765782949
0.2984932290673279
0.2994468815563609
0.3002098035475873
0.30116345603662026
0.30214889694195435
0.30380189458961154
0.3064403331426028
0.31232119015830634
0.31832920083921423
0.3243372115201221
0.33104456735965415
0.33784728844808953
0.3439824527942018
0.3507851738826372
0.35761968338737365
0.3630872909911629
0.368554898594952
0.3738317757009346
0.3792040180558205
0.3845444719944053
0.3867696611354822
0.38552991289973937
0.3794901138025304
0.3731642189586115
0.36683832411469264
0.3604806408544726
0.35412295759425266
0.34770169750143054
0.341185072159705
0.3345730815690762
0.3280882446436519
0.3219848687138407
0.3159768580329328
0.3101277894335304
0.30415156716892366
0.30030516879649055
0.2992561510585543
0.29963761205416745
0.300432322461695
0.301385974950728
0.3023714158560621
0.3033568567613962
0.3043105092504292
0.3052641617394622
0.3052641617394622
0.3041197787526225
0.3030707610146863
0.3015131286159324
0.2996694004704686
0.29795282599020917
0.29623625150994976
0.29423358128298055
0.2923580647212156
0.2902282408290419
0.28854345476508364
0.28758980227605063
0.2865407845381143
0.2858732277957912
0.2852056710534681
0.28561892046538245
0.28882955051179354
0.29156335431368813
0.2949011380253036
0.29827071015322015
0.30164028228113676
0.303293279928794
0.30491448916015007
0.3056774111513765
0.3056774111513765
0.30599529531438746
0.3055820459024732
0.3052959501557633
0.30462839341344017
0.30396083667111706
0.3031661262635895
0.30148134019963124
0.29979655413567297
0.29814355648801577
0.2964587704240575
0.2947739843600992
0.2948057727764003
0.29483756119270144
0.2957276368491322
0.29738063449678936
0.2981117680717147
0.29718990399898276
0.2961408862610465
0.2951872337720135
0.2943289465318838
0.2940110623688728
0.2929620446309365
0.2925805836353233
0.2920719689745057
0.29238985313751675
0.2927077373005277
0.2931527751287431
0.2934706592917541
0.2936613897895607
0.2939474855362706
0.29423358128298055
0.2961726746773476
0.2974442113293916
0.2997329773030708
0.30192637802784666
0.3037383177570094
0.30542310382096766
0.3064403331426028
0.3064403331426028
0.3057409879839787
0.30504164282535445
0.30424693241782697
0.30357937567550386
0.30300718418208406
0.3023714158560621
0.30173564753004006
0.30106809078771696
0.30106809078771696
0.30071841820840484
0.30036874562909277
0.30027338038018947
0.30027338038018947
0.30036874562909277
0.301385974950728
0.30240320427236317
0.3031343378472885
0.30377010617331046
0.30440587449933243
0.3029436073494819
0.30164028228113676
0.301385974950728
0.30024159196388833
0.30230783902345987
0.30370652934070824
0.30520058490686
0.3062496026447962
0.3072986203827326
0.30653569839150613
0.30593171848178524
0.30532773857206436
0.30513700807425775
0.30485091232754785
0.30459660499713903
0.30628139106109736
0.3079026002924535
0.30853836861847544
0.3103820967639392
0.30901519486299195
0.30777544662724904
0.30631317947739845
0.30494627757645115
0.30322970309619174
0.30322970309619174
0.30154491703223346
0.29982834255197405
0.2981117680717147
0.29747599974569267
0.2963634051751542
0.2942017928666794
0.3408353995803929
0.3363214444656368
0.33145781677156844
0.32659418907750015
0.3096509631890139
0.2928348909657321
0.27601881874245027
0.2595842075147816
0.2431178078708119
0.22827261745819824
0.2134592154618857
0.19851865980036876
0.1826562400661199
0.1672388581600865
0.15293407082459154
0.08983406446690827
0.07781804310509251
0.06586559857587895
0.054040307711869795
0.05416746137707419
0.054294615042278595
0.054421768707483
0.05451713395638629
0.054644287621590695
0.05477144128679509
0.054898594951999495
0.0550257486172039
0.055152902282408295
0.05528005594761269
0.055407209612817095
0.05553436327802149
0.055661516943225894
0.05578867060843029
0.05569330535952699
0.055566151694322594
0.05547078644541929
0.05547078644541929
0.05547078644541929
0.05547078644541929
0.05547078644541929
0.05547078644541929
0.05547078644541929
0.05543899802911819
0.055407209612817095
0.055375421196516
0.05534363278021489
0.05524826753131159
0.05521647911501049
0.05524826753131159
0.05534363278021489
0.055407209612817095
0.055375421196516
0.055311844363913794
0.05524826753131159
0.05518469069870939
0.05512111386610719
0.0550257486172039
0.0549303833683006
0.054707864454192894
0.054707864454192894
0.0546760760378918
0.053468116218450004
0.053436327802148895
0.05909466590374468
0.09905270519422722
0.10467925487952191
0.10455210121431752
0.1044249475491131
0.1042660054676076
0.10410706338610211
0.1039163328882955
0.10350308347638121
0.12165426918430924
0.15671689236442243
0.19155699663042788
0.22642888931273444
0.2626041070633861
0.2975395765782949
0.3269120732405112
0.3218577150486363
0.35113484646194926
0.3861021043931592
0.4211011507406701
0.4561319855044822
0.4556551592599657
0.45521012143175027
0.45498760251764264
0.4362324368999937
0.4006611990590629
0.3650899612181321
0.32948693496090026
0.29378854345476507
0.25809015194862994
0.22226460677729037
0.1865344268548541
0.15077245851611673
0.11504227859368048
0.07931209867124421
0.043550130332506834
0.043295823002098034
0.04304151567168924
0.04278720834128044
0.041801767435946345
0.041547460105537545
0.041293152775128746
0.04107063386102105
0.04084811494691335
0.04062559603280565
0.04046665395130015
0.040339500286095745
0.04024413503719245
0.04021234662089135
0.040180558204590246
0.040180558204590246
0.04021234662089135
0.04024413503719245
0.04030771186979465
0.03960836671117045
0.03820967639392206
0.03677919766037257
0.03684277449297476
0.03693813974187806
0.035444084175726365
0.03391824019327357
0.03398181702587577
0.034045393858477976
0.03407718227477907
0.034108970691080175
0.03414075910738127
0.031979146798906476
0.029817534490431688
0.027655922181956897
0.0269565770233327
0.0262572318647085
0.025589675122385403
0.023428062813910612
0.023428062813910612
0.02501748362896561
0.0266069044440206
0.02438171530294361
0.022156526161866617
0.019931337020789624
0.019867760188187426
0.019804183355585224
0.019708818106681927
0.028387055756882194
0.0798525017483629
0.08856252781486426
0.12410197723949393
0.1596732150804247
0.16838324114692607
0.19257422595206308
0.19912263971008967
0.20567105346811623
0.23094284442749063
0.2396846589102931
0.261618666158052
0.28129569584843284
0.30071841820840484
0.3223345412931528
0.33581282980481914
0.30564562273507534
0.2968720198359718
0.2634623943035158
0.23002098035475874
0.22127916587195626
0.19489478034204338
0.1861529658592409
0.17960455210121434
0.1565261618666158
0.15000953652489035
0.1303007184182084
0.11068726556042978
0.08913471930828407
0.06758217305613834
0.04539385847797063
0.02409561955623371
0.02419098480513701
0.02209294932926442
0.019994913853391822
0.02222010299446882
0.024445292135545808
0.026670481276622797
0.0267022696929239
0.026734058109225002
0.025112848877868906
0.025081060461567807
0.025081060461567807
0.0272744611863437
0.029467861911119587
0.030167207069743785
0.032328819378218576
0.03449043168669337
0.03665204399516816
0.03878186788734185
0.03871829105473966
0.038654714222137454
0.038591137389535256
0.03852756055693306
0.03843219530802975
0.03995803929048255
0.03986267404157925
0.03973552037637485
0.03964015512747156
0.03954478987856826
0.040943480195816645
0.04087990336321445
0.04081632653061224
0.040784538114311146
0.040784538114311146
0.04084811494691335
0.04091169177951554
0.04100705702841884
0.04113421069362325
0.041293152775128746
0.04148388327293535
0.041706402187043044
0.041960709517451844
0.042215016847860644
0.04246932417826944
0.042723631508678236
0.04297793883908704
0.04326403458579694
0.04351834191620574
0.043804437662915634
0.04405874499332444
0.044344840740034336
0.04459914807044313
0.04485345540085193
0.04510776273126073
0.045362070061669535
0.045616377392078335
0.04587068472248713
0.04609320363659483
0.04631572255070253
0.046538241464810226
0.04676076037891792
0.046951490876724525
0.04714222137453112
0.04577531947358383
0.046252145718100324
0.04672897196261683
0.04723758662343442
0.04771441286795092
0.04819123911246742
0.04866806535698392
0.04917668001780152
0.04968529467861912
0.05019390933943671
0.05073431241655541
0.0513065039099752
0.051846906987093905
0.0523873100642126
0.0529277131413313
0.05499396020090279
0.05521647911501049
0.055407209612817095
0.055566151694322594
0.055725093775828086
0.05553436327802149
0.05569330535952699
0.055820459024731386
0.05591582427363469
0.05601118952253799
0.056074766355140186
0.05610655477144129
0.05613834318774239
0.05617013160404349
0.05620192002034459
0.05623370843664569
0.05626549685294679
0.05629728526924789
0.05629728526924789
0.05632907368554899
0.05671053468116219
0.05671053468116219
0.05671053468116219
0.05671053468116219
0.05671053468116219
0.05671053468116219
0.056678746264861087
0.056646957848559984
0.05661516943225889
0.05658338101595779
0.05620192002034459
0.05578867060843029
0.055756882192129195
0.05534363278021489
0.054898594951999495
0.05477144128679509
0.054644287621590695
0.05451713395638629
0.0538177887977621
0.0530866552228368
0.0530548668065357
0.0530548668065357
0.052895924725030206
0.0527369826435247
0.0525780405620192
0.0527687710598258
0.05299128997393351
0.052832347892428
0.0530866552228368
0.053340962553245594
0.053436327802148895
0.0533727509695467
0.0533091741369445
0.0539767308792676
0.05451713395638629
0.05435819187488079
0.0541992497933753
0.0541992497933753
0.0541992497933753
0.0541992497933753
0.0541992497933753
0.05435819187488079
0.053881365630364296
0.053436327802148895
0.05299128997393351
0.0524190984805137
0.0524826753131159
0.0525780405620192
0.052546252145718106
0.052705194227223605
0.052705194227223605
0.0527369826435247
0.052546252145718106
0.0525780405620192
0.06688282789751415
0.06691461631381525
0.06678746264861085
0.06729607730942845
0.047205798207133325
0.051637319991019594
0.05535777285993778
0.05551813720773598
0.05561435581641489
0.05567850155553418
0.055742647294653454
0.055806793033772735
0.055774720164213094
0.05571057442509381
0.05561435581641489
0.05555021007729562
0.05551813720773598
0.05555021007729562
0.05564642868597454
0.05567850155553418
0.05571057442509381
0.055742647294653454
0.055774720164213094
0.055774720164213094
0.055774720164213094
0.055774720164213094
0.055774720164213094
0.055870938772892016
0.05596715738157093
0.05609544885980949
0.05619166746848841
0.05628788607716732
0.05615959459892877
0.05603130312069021
0.05590301164245166
0.055774720164213094
0.05564642868597454
0.05551813720773598
0.05538984572949742
0.05526155425125886
0.0551332627730203
0.05500497129478175
0.054876679816543185
0.05474838833830463
0.054620096860066074
0.05449180538182751
0.054363513903588956
0.054363513903588956
0.054363513903588956
0.054363513903588956
0.054363513903588956
0.054363513903588956
0.054363513903588956
0.054363513903588956
0.05413900381667148
0.05413900381667148
0.05413900381667148
0.0542352224253504
0.05433144103402932
0.054395586773148596
0.05442765964270824
0.05397863946887328
0.053497546425478694
0.05304852625164374
0.052567433208249144
0.0525353603386895
0.05250328746912987
0.05247121459957022
0.05243914173001059
0.052631578947368425
0.052599506077808784
0.052567433208249144
0.05243914173001059
0.052310850251772026
0.05221463164309311
0.05215048590397384
0.052567433208249144
0.0530164533820841
0.053433400686359406
0.05388242086019436
0.05388242086019436
0.05388242086019436
0.05388242086019436
0.05388242086019436
0.05388242086019436
0.05388242086019436
0.05359376503415761
0.0530164533820841
0.05247121459957022
0.05195804868661599
0.051476955643221405
0.05106000833894609
0.05073927964334969
0.05070720677379006
0.050643061034670776
0.05077135251290933
0.05089964399114789
0.05099586259982681
0.05106000833894609
0.051124154078065365
0.051156226947625005
0.051188299817184646
0.051541101382340686
0.05189390294749671
0.05218255877353347
0.05247121459957022
0.05275987042560698
0.05298438051252446
0.05292023477340518
0.053176817729882295
0.053240963469001576
0.05330510920812085
0.05340132781679977
0.05352961929503833
0.05365791077327688
0.05381827512107508
0.054267295294910034
0.054684242599185355
0.05510118990346066
0.05555021007729562
0.05596715738157093
0.056319958946726964
0.05664068764232336
0.056929343468360115
0.056929343468360115
0.056929343468360115
0.056929343468360115
0.056929343468360115
0.056929343468360115
0.056929343468360115
0.056897270598800474
0.05686519772924084
0.0568331248596812
0.05676897912056192
0.05670483338144264
0.05664068764232336
0.05657654190320408
0.0565123961640848
0.05644825042496552
0.056384104685846245
0.056319958946726964
0.05622374033804804
0.056127521729369134
0.05599923025113057
0.05593508451201129
0.05590301164245166
0.055870938772892016
0.05583886590333237
0.055806793033772735
0.055774720164213094
0.055774720164213094
0.055774720164213094
0.055774720164213094
0.054876679816543185
0.054876679816543185
0.054876679816543185
0.05490875268610283
0.054940825555662466
0.05500497129478175
0.05500497129478175
0.05497289842522211
0.054940825555662466
0.05490875268610283
0.05484460694698355
0.05352961929503833
0.053433400686359406
0.05327303633856122
0.05311267199076302
0.05388242086019436
0.05372205651239617
0.05352961929503833
0.05330510920812085
0.05308059912120337
0.05282401616472626
0.052567433208249144
0.052310850251772026
0.052022194425735274
0.05170146573013888
0.051412809904102116
0.052342923121331666
0.052022194425735274
0.051765611469258156
0.051476955643221405
0.051188299817184646
0.05089964399114789
0.050643061034670776
0.0504185509477533
0.048590397382853846
0.046794316687514034
0.046537733731036916
0.04631322364411944
0.0461207864267616
0.045960422078963406
0.04580005773116521
0.045671766252926654
0.04551140190512845
0.045351037557330255
0.0452227460790917
0.045062381731293503
0.04493409025305495
0.044773725905256745
0.04461336155745855
0.04602456781808269
0.04743577407870682
0.04727540973090862
0.047115045383110433
0.04692260816575259
0.04673017094839476
0.04650566086147728
0.046281150774559805
0.04605664068764233
0.04583213060072485
0.04557554764424773
0.04531896468777062
0.045062381731293503
0.044805798774816386
0.04454921581833927
0.04429263286186215
0.0440039770358254
0.04374739407934828
0.04345873825331152
0.04320215529683441
0.04294557234035729
0.04268898938388018
0.04169473042753136
0.04143814747105424
0.04118156451457712
0.04095705442765965
0.04060425286250361
0.04025145129734758
0.040091086949549375
0.03996279547131082
0.0398665768626319
0.039834503993072264
0.03980243112351262
0.03980243112351262
0.039834503993072264
0.0398665768626319
0.03993072260175118
0.03922511947143911
0.03781391321081497
0.036338561211071554
0.03486320921132814
0.03354822155938292
0.03216908816831842
0.030629590429455723
0.030693736168575004
0.03075788190769428
0.030789954777253922
0.03082202764681356
0.030854100516373203
0.028673145386317715
0.02649219025626223
0.024311235126206743
0.023605631995894674
0.022900028865582605
0.022258571474389813
0.021617114083197022
0.021007729561563875
0.020398345039930724
0.019788960518297573
0.01754385964912281
0.015330831649507682
0.013117803649892555
0.010840629911158153
0.07652586676929984
0.14403925719234098
0.21116777318066648
0.2779114147342763
0.34430225472273
0.4103082202764682
0.47592931139549055
0.5411655280797972
0.6059847974598287
0.6739151351871452
0.7417492543057828
0.8093267904679432
0.8767118894127458
0.9438724782706309
1.010840629911158
1.009686006607011
1.0086596747811027
1.0077616344334328
1.0070881041726805
1.0065749382597262
1.0061900638250105
1.0060296994772122
1.0060296994772122
1.0061579909554508
1.0030789954777255
0.9998717085217615
0.9966644215657975
0.9934571346098335
0.9902498476538697
0.987106706437025
0.9838994194810611
0.9806921325250971
0.9775489913082525
0.9743417043522884
0.9711344173963244
0.9679912761794798
0.9647839892235159
0.9615767022675519
0.9584335610507073
0.9552262740947433
0.9520189871387793
0.9488758459219346
0.9456685589659708
0.9424612720100067
0.9392539850540428
0.9360466980980789
0.9328394111421149
0.9296321241861509
0.9264248372301871
0.9231854774046635
0.9199781904486994
0.9167709034927355
0.9135315436672119
0.9103242567112481
0.907116969755284
0.9038776099297604
0.9006703229737966
0.8974630360178326
0.894223676192309
0.891016389236345
0.8878091022803811
0.8845697424548575
0.8813624554988935
0.8781551685429295
0.8749478815869657
0.8717405946310016
0.8685333076750377
0.8653260207190738
0.8621187337631098
0.8589114468071458
0.8557683055903011
0.8525610186343373
0.8493537316783734
0.8462105904615287
0.8430033035055646
0.8397960165496007
0.836652875332756
0.8334455883767922
0.8302383014208282
0.8270951602039835
0.8238878732480195
0.8206805862920555
0.8175374450752109
0.814330158119247
0.811122871163283
0.807915584207319
0.8047082972513552
0.8015010102953911
0.7984540876872255
0.7952788736008211
0.7926488982969306
0.7902113602103981
0.787998332210783
0.7860098142980853
0.7705827640398987
0.7553802238686296
0.740402193784278
0.7256166009172841
0.7110555181372078
0.6966868725744894
0.6823823727508901
0.6682703101446487
0.6543186118862054
0.6403348407582027
0.6399820391930466
0.6393085089322942
0.6386349786715417
0.6379614484107893
0.6372879181500369
0.6502453574521312
0.6499887744956542
0.649828410147856
0.649828410147856
0.649828410147856
0.6498604830174156
0.6500208473652138
0.659610635363546
0.6692645691009975
0.6789826485775682
0.6753263414477694
0.6716058885788512
0.6678212899708138
0.663972545623657
0.660059655537381
0.6565316398858206
0.6662176464928318
0.675807434491164
0.6852368581416979
0.694666281792232
0.7076237210943263
0.7205811603964207
0.7241412489175407
0.7239167388306232
0.723756374482825
0.7238205202219443
0.7239808845697424
0.7242053946566599
0.7244940504826968
0.7114403925719234
0.6980018602264344
0.6845633278809455
0.6710927226658969
0.6574617531030501
0.6437666378010841
0.6395330190192117
0.6352994002373392
0.6310657814554669
0.6177234677186568
0.6044452997209661
0.5910709131145964
0.577664453638667
0.5642579941627377
0.5508515346868085
0.5548606433817633
0.5588697520767184
0.5628788607716733
0.5668879694666281
0.5709291510311428
0.5749703325956574
0.5663106578145547
0.5576509830334521
0.5576509830334521
0.5705442765964271
0.5833092786811637
0.5867090028544854
0.5901407998973669
0.5936367426793676
0.6063696718945445
0.6150934924147664
0.6238173129349883
0.6238814586741076
0.6239776772827865
0.6241380416305847
0.6243625517175022
0.6242984059783829
0.6242342602392636
0.5777927451169056
0.5314153757336668
0.4850380063504282
0.44796176913948493
0.410853459058982
0.3736810032393599
0.32951666185573625
0.2853523204721127
0.24118797908848905
0.20347028448635301
0.16575258988421696
0.12809904102120018
0.09047756502774304
0.052856089034285896
0.015234613040828765
0.015330831649507682
0.01754385964912281
0.019756887648737936
0.0220019885179127
0.024247089387087462
0.02649219025626223
0.024856473908720613
0.02325283043073864
0.02325283043073864
0.025465858430353764
0.02767888642996889
0.02838448956028096
0.030565444690336445
0.03274639982039193
0.034927354950447416
0.03707623721094326
0.03701209147182399
0.036947945732704705
0.03688379999358543
0.03681965425446615
0.03672343564578723
0.03826293338464992
0.039609993906154786
0.03932133808011803
0.03922511947143911
0.03912890086276019
0.04054010712338433
0.040475961384265055
0.040411815645145774
0.04037974277558613
0.04037974277558613
0.04044388851470541
0.040508034253824696
0.04060425286250361
0.04073254434074217
0.04089290868854036
0.041085345905898206
0.04143814747105424
0.04185509477532955
0.042111677731806664
0.04236826068828378
0.04262484364476089
0.04288142660123802
0.04317008242727477
0.04342666538375189
0.04371532120978864
0.04397190416626576
0.044260559992302516
0.04451714294877963
0.044773725905256745
0.045030308861733856
0.04528689181821098
0.0455434747746881
0.04580005773116521
0.04602456781808269
0.046249077905000165
0.046473587991917635
0.04669809807883511
0.046890535296192956
0.047082972513550786
0.04724333686134899
0.047403701209147185
0.04753199268738574
0.0461207864267616
0.046281150774559805
0.046441515122358
0.04656980660059656
0.04669809807883511
0.04682638955707367
0.04698675390487187
0.04714711825267007
0.04730748260046826
0.047467846948266466
0.04762821129606466
0.0478206485134225
0.04804515860033997
0.04826966868725745
0.048526251643734565
0.05035440520863402
0.050578915295551495
0.05083549825202861
0.051124154078065365
0.051444882773661764
0.051733538599698516
0.051990121556175634
0.05227877738221239
0.052599506077808784
0.05288816190384554
0.053176817729882295
0.05346547355591905
0.05372205651239617
0.05397863946887328
0.0542352224253504
0.05445973251226788
0.054684242599185355
0.054876679816543185
0.05506911703390103
0.05433144103402932
0.05445973251226788
0.054620096860066074
0.05474838833830463
0.05484460694698355
0.05490875268610283
0.05497289842522211
0.05500497129478175
0.05503704416434139
0.05506911703390103
0.05506911703390103
0.05500497129478175
0.05497289842522211
0.054940825555662466
0.05490875268610283
0.055806793033772735
0.05583886590333237
0.05583886590333237
0.05583886590333237
0.05583886590333237
0.055870938772892016
0.05590301164245166
0.05593508451201129
0.05596715738157093
0.05564642868597454
0.05571057442509381
0.05583886590333237
0.05593508451201129
0.05603130312069021
0.05609544885980949
0.056127521729369134
0.05615959459892877
0.05619166746848841
0.05622374033804804
0.05625581320760769
0.05628788607716732
0.056319958946726964
0.05625581320760769
0.05628788607716732
0.056672760511883
0.056672760511883
0.056672760511883
0.056672760511883
0.056416177555405886
0.056127521729369134
0.055806793033772735
0.055486064338176336
0.05510118990346066
0.054684242599185355
0.054299368164469675
0.05385034799063473
0.05340132781679977
0.05333718207768049
0.05320889059944193
0.05308059912120337
0.05298438051252446
0.05288816190384554
0.05272779755604734
0.05275987042560698
0.05282401616472626
0.052631578947368425
0.052342923121331666
0.05208634016485455
0.0517976843388178
0.051444882773661764
0.051156226947625005
0.051156226947625005
0.051156226947625005
0.05109208120850573
0.05102793546938645
0.05093171686070753
0.05083549825202861
0.05080342538246897
0.05083549825202861
0.050867571121588254
0.051188299817184646
0.051637319991019594
0.05208634016485455
0.052599506077808784
0.053176817729882295
0.05372205651239617
0.05397863946887328
0.05394656659931365
0.05394656659931365
0.05394656659931365
0.05394656659931365
0.05394656659931365
0.05397863946887328
0.05346547355591905
0.0530164533820841
0.052567433208249144
0.05211841303441419
0.05218255877353347
0.05227877738221239
0.05237499599089131
0.0525353603386895
0.0525353603386895
0.052567433208249144
0.05237499599089131
0.05240706886045095
0.05243914173001059
0.05247121459957022
0.05247121459957022
0.0530164533820841
0.053497546425478694
0.05397863946887328
0.05442765964270824
0.054395586773148596
0.05433144103402932
0.0542352224253504
0.05413900381667148
0.05417107668623112
0.05417107668623112
0.054395586773148596
0.054395586773148596
0.054395586773148596
0.054395586773148596
0.054395586773148596
0.054395586773148596
0.054395586773148596
0.054395586773148596
0.05452387825138715
0.05465216972962571
0.05478046120786427
0.05490875268610283
0.05500497129478175
0.0551332627730203
0.05526155425125886
0.05538984572949742
0.05551813720773598
0.05564642868597454
0.055774720164213094
0.05590301164245166
0.05603130312069021
0.05615959459892877
0.05628788607716732
0.05619166746848841
0.056063375990249846
0.05596715738157093
0.05596715738157093
0.05596715738157093
0.05596715738157093
0.05596715738157093
0.05596715738157093
0.05596715738157093
0.05593508451201129
0.05590301164245166
0.055870938772892016
0.05583886590333237
0.055774720164213094
0.055742647294653454
0.055806793033772735
0.05590301164245166
0.05593508451201129
0.055870938772892016
0.055806793033772735
0.055742647294653454
0.05564642868597454
0.05551813720773598
0.05526155425125886
0.089322941723596
0.12332018345681388
0.1572532794509125
0.19115430257545143
0.2251515443086693
0.2591808589114468
0.2933063921229032
0.32383976394368
0.3544052086340165
0.384970653324353
0.4155360980146894
0.44610154270502583
0.4766990602649219
0.5073286506943776
0.538086532602072
0.5345585169505116
0.5310946470380705
0.5285929632124187
0.4947881586965586
0.4609192084415793
0.4269219667083614
0.5138073703454248
